Max
3.5 x 4 x 6 = 84
Single : 14V


Normal Standby
3.3 x 4 x 6 =  79
Single : 13.2V


Empty StandBy
3 x 4 x 6 = 72
Single : 12V

Under stress sana
12.4 x 4 x 6 = 74.4V

Delta funzionamento = 7V


-----------------------------------------------------------

Battery sample 

11.5	1.13

12.0	1.45

12.5	2.05

13.0	2.14

13.5	2.74

---------------------------------------------------------------

14.0	4.0	9;B0;3.31;0.50;02.819
13.5	3.5	9;B0;3.03;0.50;02.539
13.0	3.0	9;B0;2.66;0.50;02.169
12.5	2.5	9;B0;2.33;0.50;01.839
12.0	2.0	9;B0;1.99;0.50;01.499
11.5	1.5	9;B0;1.64;0.50;01.149

14.0	4.0	9;B1;3.27;0.65;02.629
13.5	3.5	9;B1;2.88;0.65;02.239
13.0	3.0	9;B1;2.65;0.65;02.009
12.5	2.5	9;B1;2.27;0.65;01.629
12.0	2.0	9;B1;2.02;0.65;01.379
11.5	1.5	9;B1;1.61;0.65;00.969

14.0	4.0	9;B2;3.30;0.35;02.959
13.5	3.5	9;B2;2.93;0.35;02.589
13.0	3.0	9;B2;2.59;0.35;02.249
12.5	2.5	9;B2;2.25;0.35;01.909
12.0	2.0	9;B2;1.94;0.35;01.599
11.5	1.5	9;B2;1.61;0.35;01.269

14.0	4.0	9;B3;3.31;0.30;03.019
13.5	3.5	9;B3;2.94;0.30;02.649
13.0	3.0	9;B3;2.66;0.30;02.369
12.5	2.5	9;B3;2.32;0.30;02.029
12.0	2.0	9;B3;1.94;0.30;01.649
11.5	1.5	9;B3;1.59;0.30;01.299

-------------------------------------------------------------------------------
